l=11, s=4, a=10Execution time: 0:50:09.266848 seconds --- ----------- Random Forest ------------
Accuracy: 0.9618717504332756
precision: 0.9632832678252369
recall: 0.9618717504332756
f1 score: 0.9619544571771198
Classification Report:               precision    recall  f1-score   support

         0.0       0.99      0.97      0.98       186
         1.0       0.99      0.99      0.99       205
         2.0       0.90      0.97      0.93       117
         3.0       0.90      0.97      0.93       172
         4.0       0.97      1.00      0.98       159
         5.0       0.95      0.89      0.92       198
         6.0       0.93      0.99      0.96       168
         7.0       1.00      0.95      0.97       206
         8.0       0.99      0.97      0.98       153
         9.0       0.99      0.93      0.96       167

    accuracy                           0.96      1731
   macro avg       0.96      0.96      0.96      1731
weighted avg       0.96      0.96      0.96      1731

----------- MLP -------------
Accuracy: 0.6031195840554593
precision: 0.6010783866609618
recall: 0.6031195840554593
f1 score: 0.5848266643812404
Classification Report:               precision    recall  f1-score   support

         0.0       0.89      0.93      0.91       186
         1.0       0.95      0.89      0.92       205
         2.0       0.55      0.28      0.37       117
         3.0       0.62      0.73      0.67       172
         4.0       0.63      0.99      0.77       159
         5.0       0.45      0.54      0.49       198
         6.0       0.30      0.48      0.36       168
         7.0       0.60      0.53      0.56       206
         8.0       0.20      0.06      0.09       153
         9.0       0.70      0.40      0.51       167

    accuracy                           0.60      1731
   macro avg       0.59      0.58      0.57      1731
weighted avg       0.60      0.60      0.58      1731

