l=6, s=4, a=10Execution time: 0:16:06.907879 seconds --- ----------- Random Forest ------------
Accuracy: 0.9595609474292317
precision: 0.9613740013929893
recall: 0.9595609474292317
f1 score: 0.9596232214409128
Classification Report:               precision    recall  f1-score   support

         0.0       0.99      0.98      0.99       186
         1.0       1.00      0.98      0.99       205
         2.0       0.89      0.95      0.92       117
         3.0       0.86      0.97      0.91       172
         4.0       0.98      1.00      0.99       159
         5.0       0.96      0.85      0.90       198
         6.0       0.95      0.98      0.97       168
         7.0       0.99      0.97      0.98       206
         8.0       0.97      0.97      0.97       153
         9.0       0.99      0.96      0.98       167

    accuracy                           0.96      1731
   macro avg       0.96      0.96      0.96      1731
weighted avg       0.96      0.96      0.96      1731

----------- MLP -------------
Accuracy: 0.7510109763142692
precision: 0.7573852563430715
recall: 0.7510109763142692
f1 score: 0.7506416276001288
Classification Report:               precision    recall  f1-score   support

         0.0       0.96      0.87      0.91       186
         1.0       0.90      0.96      0.93       205
         2.0       0.51      0.55      0.53       117
         3.0       0.79      0.73      0.76       172
         4.0       0.81      0.94      0.87       159
         5.0       0.68      0.63      0.65       198
         6.0       0.65      0.59      0.62       168
         7.0       0.85      0.67      0.74       206
         8.0       0.62      0.73      0.67       153
         9.0       0.67      0.79      0.73       167

    accuracy                           0.75      1731
   macro avg       0.74      0.74      0.74      1731
weighted avg       0.76      0.75      0.75      1731

