l=6, s=8, a=10Execution time: 0:10:24.675912 seconds --- ----------- Random Forest ------------
Accuracy: 0.9618717504332756
precision: 0.9629723281794088
recall: 0.9618717504332756
f1 score: 0.9618998615293681
Classification Report:               precision    recall  f1-score   support

         0.0       0.99      0.97      0.98       186
         1.0       0.98      0.99      0.99       205
         2.0       0.92      0.95      0.93       117
         3.0       0.90      0.97      0.93       172
         4.0       0.96      1.00      0.98       159
         5.0       0.95      0.89      0.92       198
         6.0       0.93      0.99      0.96       168
         7.0       1.00      0.95      0.98       206
         8.0       0.99      0.98      0.98       153
         9.0       0.99      0.94      0.96       167

    accuracy                           0.96      1731
   macro avg       0.96      0.96      0.96      1731
weighted avg       0.96      0.96      0.96      1731

----------- MLP -------------
Accuracy: 0.5534373194685153
precision: 0.5490214056826311
recall: 0.5534373194685153
f1 score: 0.521012727989524
Classification Report:               precision    recall  f1-score   support

         0.0       0.78      0.84      0.81       186
         1.0       0.82      0.89      0.85       205
         2.0       0.54      0.70      0.61       117
         3.0       0.38      0.41      0.40       172
         4.0       0.49      0.99      0.65       159
         5.0       0.48      0.21      0.29       198
         6.0       0.46      0.15      0.23       168
         7.0       0.51      0.68      0.59       206
         8.0       0.57      0.24      0.33       153
         9.0       0.39      0.40      0.39       167

    accuracy                           0.55      1731
   macro avg       0.54      0.55      0.52      1731
weighted avg       0.55      0.55      0.52      1731

