l=11, s=4, a=50Execution time: 0:14:06.980602 seconds --- ----------- Random Forest ------------
Accuracy: 0.9532062391681109
precision: 0.954866267911382
recall: 0.9532062391681109
f1 score: 0.9533739850759527
Classification Report:               precision    recall  f1-score   support

         0.0       0.99      0.97      0.98       186
         1.0       0.98      0.98      0.98       205
         2.0       0.90      0.97      0.93       117
         3.0       0.88      0.96      0.92       172
         4.0       0.96      1.00      0.98       159
         5.0       0.95      0.88      0.92       198
         6.0       0.91      0.96      0.94       168
         7.0       1.00      0.95      0.97       206
         8.0       0.97      0.94      0.95       153
         9.0       0.98      0.94      0.96       167

    accuracy                           0.95      1731
   macro avg       0.95      0.95      0.95      1731
weighted avg       0.95      0.95      0.95      1731

----------- MLP -------------
Accuracy: 0.6481802426343154
precision: 0.6874500843438476
recall: 0.6481802426343154
f1 score: 0.6230921632490911
Classification Report:               precision    recall  f1-score   support

         0.0       0.65      0.93      0.76       186
         1.0       0.95      0.85      0.90       205
         2.0       0.43      0.79      0.55       117
         3.0       0.70      0.76      0.73       172
         4.0       0.96      0.76      0.85       159
         5.0       0.76      0.10      0.17       198
         6.0       0.42      0.40      0.41       168
         7.0       0.71      0.43      0.54       206
         8.0       0.55      0.71      0.62       153
         9.0       0.60      0.88      0.71       167

    accuracy                           0.65      1731
   macro avg       0.67      0.66      0.62      1731
weighted avg       0.69      0.65      0.62      1731

