l=11, s=8, a=10Execution time: 0:02:56.844689 seconds --- ----------- Random Forest ------------
Accuracy: 0.9624494511842865
precision: 0.9631847284931052
recall: 0.9624494511842865
f1 score: 0.9625288003495998
Classification Report:               precision    recall  f1-score   support

         0.0       0.98      0.98      0.98       186
         1.0       0.99      0.98      0.99       205
         2.0       0.92      0.97      0.94       117
         3.0       0.92      0.98      0.95       172
         4.0       0.98      1.00      0.99       159
         5.0       0.94      0.93      0.94       198
         6.0       0.94      0.95      0.94       168
         7.0       0.99      0.94      0.97       206
         8.0       0.97      0.97      0.97       153
         9.0       0.99      0.94      0.96       167

    accuracy                           0.96      1731
   macro avg       0.96      0.96      0.96      1731
weighted avg       0.96      0.96      0.96      1731

----------- MLP -------------
Accuracy: 0.633737723859041
precision: 0.6513236004051111
recall: 0.633737723859041
f1 score: 0.6217005628679273
Classification Report:               precision    recall  f1-score   support

         0.0       0.78      0.91      0.84       186
         1.0       0.91      0.84      0.88       205
         2.0       0.50      0.76      0.61       117
         3.0       0.66      0.67      0.66       172
         4.0       0.61      0.84      0.71       159
         5.0       0.46      0.34      0.39       198
         6.0       0.69      0.33      0.45       168
         7.0       0.75      0.40      0.52       206
         8.0       0.48      0.78      0.59       153
         9.0       0.56      0.55      0.55       167

    accuracy                           0.63      1731
   macro avg       0.64      0.64      0.62      1731
weighted avg       0.65      0.63      0.62      1731

