l=11, s=4, a=5 
Execution time: 0:06:02.928492 seconds ---  
      ----------- Random Forest ------------
Accuracy: 0.9584055459272097
precision: 0.9604530925031796
recall: 0.9584055459272097
f1 score: 0.958504555427158
Classification Report:               precision    recall  f1-score   support

         0.0       0.99      0.98      0.99       186
         1.0       0.99      0.99      0.99       205
         2.0       0.88      0.96      0.91       117
         3.0       0.88      0.98      0.93       172
         4.0       0.96      1.00      0.98       159
         5.0       0.96      0.87      0.91       198
         6.0       0.94      0.99      0.96       168
         7.0       1.00      0.94      0.97       206
         8.0       0.97      0.97      0.97       153
         9.0       0.99      0.94      0.96       167

    accuracy                           0.96      1731
   macro avg       0.96      0.96      0.96      1731
weighted avg       0.96      0.96      0.96      1731

      ----------- MLP -------------
Accuracy: 0.7590987868284229
precision: 0.7574137994209666
recall: 0.7590987868284229
f1 score: 0.754671590706457
Classification Report:               precision    recall  f1-score   support

         0.0       0.96      0.96      0.96       186
         1.0       0.97      0.95      0.96       205
         2.0       0.50      0.38      0.43       117
         3.0       0.83      0.78      0.81       172
         4.0       0.87      0.92      0.89       159
         5.0       0.57      0.66      0.61       198
         6.0       0.64      0.44      0.52       168
         7.0       0.77      0.79      0.78       206
         8.0       0.65      0.71      0.68       153
         9.0       0.69      0.84      0.76       167

    accuracy                           0.76      1731
   macro avg       0.75      0.74      0.74      1731
weighted avg       0.76      0.76      0.75      1731

