l=11, s=4, a=30Execution time: 0:11:28.883363 seconds --- ----------- Random Forest ------------
Accuracy: 0.9595609474292317
precision: 0.9611649252628618
recall: 0.9595609474292317
f1 score: 0.9596693818926919
Classification Report:               precision    recall  f1-score   support

         0.0       0.99      0.97      0.98       186
         1.0       0.99      0.98      0.98       205
         2.0       0.88      0.96      0.92       117
         3.0       0.90      0.97      0.93       172
         4.0       0.96      1.00      0.98       159
         5.0       0.96      0.88      0.92       198
         6.0       0.93      0.98      0.95       168
         7.0       1.00      0.95      0.97       206
         8.0       0.98      0.97      0.98       153
         9.0       0.99      0.94      0.96       167

    accuracy                           0.96      1731
   macro avg       0.96      0.96      0.96      1731
weighted avg       0.96      0.96      0.96      1731

----------- MLP -------------
Accuracy: 0.587521663778163
precision: 0.6493084428775516
recall: 0.587521663778163
f1 score: 0.5779359600786763
Classification Report:               precision    recall  f1-score   support

         0.0       0.80      0.77      0.79       186
         1.0       0.86      0.85      0.86       205
         2.0       0.77      0.35      0.48       117
         3.0       0.62      0.44      0.51       172
         4.0       0.53      0.97      0.69       159
         5.0       0.50      0.55      0.52       198
         6.0       0.47      0.71      0.57       168
         7.0       0.98      0.27      0.43       206
         8.0       0.51      0.44      0.47       153
         9.0       0.34      0.47      0.40       167

    accuracy                           0.59      1731
   macro avg       0.64      0.58      0.57      1731
weighted avg       0.65      0.59      0.58      1731

