l=11, s=4, a=20Execution time: 0:10:01.121912 seconds --- ----------- Random Forest ------------
Accuracy: 0.9589832466782207
precision: 0.9607820788951179
recall: 0.9589832466782207
f1 score: 0.9591255818122381
Classification Report:               precision    recall  f1-score   support

         0.0       0.99      0.97      0.98       186
         1.0       0.98      0.99      0.99       205
         2.0       0.89      0.96      0.92       117
         3.0       0.91      0.97      0.94       172
         4.0       0.96      1.00      0.98       159
         5.0       0.96      0.89      0.93       198
         6.0       0.90      0.98      0.94       168
         7.0       0.99      0.94      0.97       206
         8.0       0.99      0.97      0.98       153
         9.0       0.99      0.93      0.96       167

    accuracy                           0.96      1731
   macro avg       0.96      0.96      0.96      1731
weighted avg       0.96      0.96      0.96      1731

----------- MLP -------------
Accuracy: 0.5095320623916811
precision: 0.6291447035285315
recall: 0.5095320623916811
f1 score: 0.47094716358446786
Classification Report:               precision    recall  f1-score   support

         0.0       0.85      0.93      0.89       186
         1.0       0.99      0.82      0.90       205
         2.0       0.00      0.00      0.00       117
         3.0       0.73      0.60      0.66       172
         4.0       0.66      0.89      0.76       159
         5.0       0.30      0.23      0.26       198
         6.0       0.19      0.73      0.30       168
         7.0       0.57      0.02      0.04       206
         8.0       0.38      0.02      0.04       153
         9.0       0.68      0.72      0.70       167

    accuracy                           0.51      1731
   macro avg       0.53      0.50      0.45      1731
weighted avg       0.56      0.51      0.47      1731

