l=3, s=16, a=10 
Execution time: 0:02:31.490253 seconds ---  
      ----------- Random Forest ------------
Accuracy: 0.9555170421721548
precision: 0.9572682332170924
recall: 0.9555170421721548
f1 score: 0.955576441590913
Classification Report:               precision    recall  f1-score   support

         0.0       0.99      0.97      0.98       186
         1.0       0.99      0.99      0.99       205
         2.0       0.88      0.95      0.91       117
         3.0       0.88      0.97      0.92       172
         4.0       0.97      1.00      0.98       159
         5.0       0.94      0.85      0.89       198
         6.0       0.92      0.98      0.95       168
         7.0       1.00      0.95      0.98       206
         8.0       0.99      0.97      0.98       153
         9.0       0.99      0.93      0.96       167

    accuracy                           0.96      1731
   macro avg       0.95      0.96      0.95      1731
weighted avg       0.96      0.96      0.96      1731

      ----------- MLP -------------
Accuracy: 0.6915077989601387
precision: 0.7031431887023214
recall: 0.6915077989601387
f1 score: 0.6868227420644405
Classification Report:               precision    recall  f1-score   support

         0.0       0.92      0.96      0.94       186
         1.0       0.97      0.92      0.94       205
         2.0       0.56      0.38      0.45       117
         3.0       0.60      0.62      0.61       172
         4.0       0.73      0.92      0.82       159
         5.0       0.57      0.54      0.55       198
         6.0       0.51      0.74      0.61       168
         7.0       0.78      0.51      0.62       206
         8.0       0.71      0.49      0.58       153
         9.0       0.57      0.72      0.63       167

    accuracy                           0.69      1731
   macro avg       0.69      0.68      0.68      1731
weighted avg       0.70      0.69      0.69      1731

