l=3, s=8, a=10 
Execution time: 0:02:51.797081 seconds ---  
      ----------- Random Forest ------------
Accuracy: 0.9641825534373195
precision: 0.9654011949717461
recall: 0.9641825534373195
f1 score: 0.9642430678011558
Classification Report:               precision    recall  f1-score   support

         0.0       0.99      0.98      0.99       186
         1.0       0.99      1.00      0.99       205
         2.0       0.90      0.96      0.93       117
         3.0       0.88      0.97      0.92       172
         4.0       0.98      1.00      0.99       159
         5.0       0.95      0.87      0.91       198
         6.0       0.95      0.98      0.97       168
         7.0       1.00      0.96      0.98       206
         8.0       0.99      0.98      0.98       153
         9.0       0.99      0.97      0.98       167

    accuracy                           0.96      1731
   macro avg       0.96      0.97      0.96      1731
weighted avg       0.97      0.96      0.96      1731

      ----------- MLP -------------
Accuracy: 0.7371461582900057
precision: 0.8223210008585219
recall: 0.7371461582900057
f1 score: 0.7551703750903513
Classification Report:               precision    recall  f1-score   support

         0.0       0.92      0.92      0.92       186
         1.0       0.96      0.92      0.94       205
         2.0       0.27      0.87      0.41       117
         3.0       0.92      0.69      0.79       172
         4.0       0.94      0.97      0.96       159
         5.0       0.88      0.42      0.57       198
         6.0       0.62      0.57      0.59       168
         7.0       0.89      0.71      0.79       206
         8.0       0.70      0.47      0.56       153
         9.0       0.87      0.84      0.86       167

    accuracy                           0.74      1731
   macro avg       0.80      0.74      0.74      1731
weighted avg       0.82      0.74      0.76      1731

