l=3, s=4, a=10 
Execution time: 0:02:56.031047 seconds ---  
      ----------- Random Forest ------------
Accuracy: 0.9664933564413634
precision: 0.9673835154475097
recall: 0.9664933564413634
f1 score: 0.966421490289012
Classification Report:               precision    recall  f1-score   support

         0.0       0.99      0.98      0.98       186
         1.0       0.99      0.99      0.99       205
         2.0       0.93      0.96      0.94       117
         3.0       0.89      0.98      0.93       172
         4.0       0.99      1.00      0.99       159
         5.0       0.96      0.87      0.91       198
         6.0       0.95      0.96      0.96       168
         7.0       1.00      0.98      0.99       206
         8.0       0.97      0.99      0.98       153
         9.0       0.99      0.97      0.98       167

    accuracy                           0.97      1731
   macro avg       0.97      0.97      0.97      1731
weighted avg       0.97      0.97      0.97      1731

      ----------- MLP -------------
Accuracy: 0.7342576545349508
precision: 0.8199253070418114
recall: 0.7342576545349508
f1 score: 0.752771072362534
Classification Report:               precision    recall  f1-score   support

         0.0       0.93      0.94      0.93       186
         1.0       0.94      0.92      0.93       205
         2.0       0.27      0.88      0.41       117
         3.0       0.89      0.68      0.77       172
         4.0       0.91      0.96      0.93       159
         5.0       0.80      0.40      0.53       198
         6.0       0.72      0.54      0.61       168
         7.0       0.90      0.69      0.78       206
         8.0       0.74      0.57      0.64       153
         9.0       0.87      0.83      0.85       167

    accuracy                           0.73      1731
   macro avg       0.80      0.74      0.74      1731
weighted avg       0.82      0.73      0.75      1731

