l=3, s=12, a=10 
Execution time: 0:02:07.697691 seconds ---  
      ----------- Random Forest ------------
Accuracy: 0.9584055459272097
precision: 0.9594332955563604
recall: 0.9584055459272097
f1 score: 0.9584276075603526
Classification Report:               precision    recall  f1-score   support

         0.0       0.99      0.98      0.98       186
         1.0       0.99      0.99      0.99       205
         2.0       0.91      0.96      0.93       117
         3.0       0.89      0.96      0.92       172
         4.0       0.98      1.00      0.99       159
         5.0       0.93      0.87      0.90       198
         6.0       0.93      0.97      0.95       168
         7.0       1.00      0.96      0.98       206
         8.0       0.97      0.98      0.97       153
         9.0       0.99      0.93      0.96       167

    accuracy                           0.96      1731
   macro avg       0.96      0.96      0.96      1731
weighted avg       0.96      0.96      0.96      1731

      ----------- MLP -------------
Accuracy: 0.7128827267475448
precision: 0.7293550770955876
recall: 0.7128827267475448
f1 score: 0.7161995263052334
Classification Report:               precision    recall  f1-score   support

         0.0       0.95      0.96      0.95       186
         1.0       0.96      0.91      0.94       205
         2.0       0.56      0.69      0.62       117
         3.0       0.60      0.72      0.65       172
         4.0       0.87      0.75      0.80       159
         5.0       0.69      0.53      0.60       198
         6.0       0.46      0.64      0.53       168
         7.0       0.83      0.78      0.80       206
         8.0       0.49      0.44      0.46       153
         9.0       0.74      0.63      0.68       167

    accuracy                           0.71      1731
   macro avg       0.71      0.70      0.70      1731
weighted avg       0.73      0.71      0.72      1731

