l=21, s=4, a=10Execution time: 0:17:35.720924 seconds --- ----------- Random Forest ------------
Accuracy: 0.9659156556903524
precision: 0.9671679852702897
recall: 0.9659156556903524
f1 score: 0.9660702624038197
Classification Report:               precision    recall  f1-score   support

         0.0       0.99      0.97      0.98       186
         1.0       0.98      0.99      0.98       205
         2.0       0.92      0.97      0.94       117
         3.0       0.91      0.97      0.94       172
         4.0       0.99      1.00      0.99       159
         5.0       0.97      0.94      0.95       198
         6.0       0.92      0.99      0.95       168
         7.0       0.99      0.93      0.96       206
         8.0       0.99      0.97      0.98       153
         9.0       0.99      0.95      0.97       167

    accuracy                           0.97      1731
   macro avg       0.97      0.97      0.97      1731
weighted avg       0.97      0.97      0.97      1731

----------- MLP -------------
Accuracy: 0.4113229347198151
precision: 0.6255115860206656
recall: 0.4113229347198151
f1 score: 0.4728861401121007
Classification Report:               precision    recall  f1-score   support

         0.0       0.86      0.90      0.88       186
         1.0       0.95      0.88      0.91       205
         2.0       0.00      0.00      0.00       117
         3.0       0.33      0.01      0.01       172
         4.0       0.15      0.90      0.25       159
         5.0       0.00      0.00      0.00       198
         6.0       0.56      0.54      0.55       168
         7.0       0.66      0.41      0.51       206
         8.0       0.68      0.29      0.40       153
         9.0       0.00      0.00      0.00       167

    accuracy                           0.41      1731
   macro avg       0.42      0.39      0.35      1731
weighted avg       0.44      0.41      0.38      1731

